7472
7488
7488
7504
7552
7576
7600
7624
7640
7648
7664
7696
7712
7720
7736
7760
7768
7792
7808
7848
7880
7904
7936
7952
7984
8000
8008
8056
8064
8088
8128
8136
8152
8176
8184
8224
8232
8240
8264
8304
8328
8336
8360
8376
8376
8400
8440
8480
8480
8496
8512
8520
8544
8584
8600
8632
8648
8664
8688
8704
8736
8744
8768
8776
8808
8824
8872
8912
8920
8952
8960
aaaa
7448
7496
7528
7568
7616
7616
7624
7656
7672
7696
7736
7768
7784
7816
7840
7872
7888
7896
7912
7960
7968
8016
8040
8072
8104
8112
8144
8176
8184
8184
8184
8208
8224
8240
8272
8280
8296
8312
8320
8360
8424
8440
8480
8512
8568
8592
8608
8624
8664
8696
8728
8744
8784
8816
8840
8848
8880
8904
8912
8928
8952
8968
8984
9016
9032
9056
9064
9064
9080
9096
9144
bbbb
7436
7516
7572
7612
7684
7740
7796
7836
7868
7948
7988
8036
8092
8116
8172
8228
8244
8268
8292
8324
8364
8396
8452
8468
8508
8556
8580
8620
8676
8708
8724
8764
8820
8852
8908
8940
8988
9052
9076
9116
9140
9212
9244
9308
9356
9436
9516
9524
9572
9596
9644
9708
9748
9780
9828
9860
9900
9956
9996
10028
10060
10084
10116
10132
10188
10236
10284
10372
10428
10476
10500
ccccc
7380
7452
7516
7540
7548
7588
7620
7676
7708
7748
7804
7844
7876
7876
7924
7988
8044
8100
8132
8180
8236
8292
8332
8364
8396
8436
8468
8524
8564
8604
8628
8692
8748
8796
8860
8884
8932
8972
9012
9052
9108
9148
9188
9228
9276
9316
9372
9452
9500
9532
9596
9660
9700
9756
9804
9836
9868
9948
9980
10028
10092
10108
10140
10164
10204
10228
10292
10348
10428
6080
10492
ddddd
7252
7412
7476
7572
7612
7700
7780
7868
7948
8020
8092
8164
8244
8268
8324
8380
8436
8508
8580
8652
8676
8724
8764
8860
8908
8964
9004
9044
9124
9188
9228
9268
9340
9420
9468
9500
9564
9636
9716
9788
9820
9868
9956
9996
10076
10188
10268
10292
10356
10420
10476
10548
10596
10684
10732
10780
10852
10884
10956
11052
11084
11124
11188
11292
11364
11412
11460
11540
11604
11700
11788

DDDDDD111111







































































4596
4612
4612
4628
4676
4700
4724
4748
4764
4792
4808
4840
4856
4864
4880
4904
4916
4940
4956
4996
5028
5052
5084
5100
5132
5148
5156
5204
5212
5236
5276
5284
5300
5324
5332
5372
5380
5388
5412
5452
5476
5484
5508
5524
5524
5548
5588
5628
5628
5644
5660
5668
5692
5732
5748
5780
5796
5812
5836
5852
5884
5892
5916
5924
5956
5972
6020
6060
6068
6100
6112
aaaa
4572
4620
4652
4692
4740
4740
4748
4780
4796
4840
4880
4912
4928
4960
4984
5016
5032
5040
5056
5104
5112
5160
5184
5216
5248
5256
5288
5320
5328
5328
5328
5352
5368
5384
5416
5424
5440
5456
5464
5504
5568
5584
5624
5656
5712
5736
5752
5768
5808
5840
5872
5888
5928
5960
5984
5992
6024
6048
6056
6072
6096
6112
6128
6160
6176
6200
6208
6208
6224
6240
6292
bbbb
4600
4680
4736
4776
4848
4904
4960
5000
5032
5132
5172
5220
5276
5300
5356
5412
5428
5452
5476
5508
5548
5580
5636
5652
5692
5740
5764
5804
5860
5892
5908
5948
6004
6036
6092
6124
6172
6236
6260
6300
6324
6396
6428
6492
6540
6620
6700
6708
6756
6780
6828
6892
6932
6964
7012
7044
7084
7140
7180
7212
7244
7268
7300
7316
7372
7420
7468
7556
7612
7660
7688
ccccc
4544
4616
4680
4704
4712
4752
4784
4840
4872
4932
4988
5028
5060
5060
5108
5172
5228
5284
5316
5364
5420
5476
5516
5548
5580
5620
5652
5708
5748
5788
5812
5876
5932
5980
6044
6068
6116
6156
6196
6236
6292
6332
6372
6412
6460
6500
6556
6636
6684
6716
6780
6844
6884
6940
6988
7020
7052
7132
7164
7212
7276
7292
7324
7348
7388
7412
7476
7532
7612
4568
7680
dddd
4412
4576
4640
4736
4776
4864
4944
5032
5112
5204
5276
5348
5428
5452
5508
5564
5620
5692
5764
5836
5860
5908
5948
6044
6092
6148
6188
6228
6308
6372
6412
6452
6524
6604
6652
6684
6748
6820
6900
6972
7004
7052
7140
7180
7260
7372
7452
7476
7540
7604
7660
7732
7780
7868
7916
7964
8036
8068
8140
8236
8268
8308
8372
8476
8548
8596
8644
8724
8788
8884
8976






































































DDDDDDDDDDDDDDDDD2222222
1768
1784
1784
1800
1848
1872
1896
1920
1936
1944
1960
1992
2008
2016
2032
2056
2068
2092
2108
2148
2180
2204
2236
2252
2284
2300
2308
2356
2364
2388
2428
2436
2452
2476
2484
2524
2532
2540
2564
2604
2628
2636
2660
2676
2676
2700
2740
2780
2780
2796
2812
2820
2844
2884
2900
2932
2948
2964
2988
3004
3036
3044
3068
3076
3108
3124
3172
3212
3220
3252
3260
aaaa
1748
1796
1828
1868
1916
1916
1924
1956
1972
1996
2036
2068
2084
2116
2140
2172
2188
2196
2212
2260
2268
2316
2340
2372
2404
2412
2444
2476
2484
2484
2484
2508
2524
2540
2572
2580
2596
2612
2620
2660
2724
2740
2780
2812
2868
2892
2908
2924
2964
2996
3028
3044
3084
3116
3140
3148
3180
3204
3212
3228
3252
3268
3284
3316
3332
3356
3364
3364
3380
3396
3444
bbbb
1868
1948
2004
2044
2116
2172
2228
2268
2300
2380
2420
2468
2524
2548
2604
2660
2676
2700
2724
2756
2796
2828
2884
2900
2940
2988
3012
3052
3108
3140
3156
3196
3252
3284
3340
3372
3420
3484
3508
3548
3572
3644
3676
3740
3788
3868
3948
3956
4004
4028
4076
4140
4180
4212
4260
4292
4332
4388
4428
4460
4492
4516
4548
4564
4620
4668
4716
4804
4860
4908
4932
cccc
1812
1884
1948
1972
1980
2020
2052
2108
2140
2180
2236
2276
2308
2308
2356
2420
2476
2532
2564
2612
2668
2724
2764
2796
2828
2868
2900
2956
2996
3036
3060
3124
3180
3228
3292
3316
3364
3404
3444
3484
3540
3580
3620
3660
3708
3748
3804
3884
3932
3964
4028
4092
4132
4188
4236
4268
4300
4380
4412
4460
4524
4540
4572
4596
4636
4660
4724
4780
4860
2396
4924
dddd
1680
1844
1908
2004
2044
2132
2212
2300
2380
2452
2524
2596
2676
2700
2756
2812
2868
2940
3012
3084
3108
3156
3196
3292
3340
3396
3436
3476
3556
3620
3660
3700
3772
3852
3900
3932
3996
4068
4148
4220
4252
4300
4388
4428
4508
4620
4700
4724
4788
4852
4908
4980
5028
5116
5164
5212
5284
5316
5388
5484
5516
5556
5620
5724
5796
5844
5892
5972
6036
6132
6220







































































