178271052
178274049
178274050
178274051
178274052
178274053
178274054
178274055
178274056
178274057
178274058
178274059
178274060
178274305
178274306
178274307
178274308
178274309
178274310
178274311
178274312
178274313
178274314
178274636
178274892
178275148
178275404
178275660
178281548
178281804
178258106
178258107
178275971
178275974
178275977
178275980
178275983
178275986
178276001
178276004
178276007
178276016
16844554
16844561
16844564
16844574
16844810
16844817
16844820
16844830
3411211588
16844647
16844650
16844653
16844656
16844659
16844903
16844906
16844909
16844912
16844915
178276001
178276004
3705049465
3705049466
1940389888
1940398080
1940402176
1940404224
1940405248
1940405760
1940406272
1940459520
1940459776
1940460544
3703570432
3703572480
3703574528
3703575552
3703576576
3703577600
3703578624
3703584768
3703586816
3703588864
3703590912
3703591040
3703595008
3703599104
3703603200
3703605248
3703607296
3703607440
3703609344
3703611392
3703613440
3703615488
3703616512
3703616648
3703617536
3703618560
3703619584
3703621632
3703622656
3703623168
3703623680
3703625728
3703625856
3703627776
3703631872
3703633920
3704618696
3704618700
3033710592
178271052
178274049
178274050
178274051
178274052
178274053
178274054
178274055
178274056
178274057
178274058
178274059
178274060
178274305
178274306
178274307
178274308
178274309
178274310
178274311
178274312
178274313
178274314
178274636
178274892
178275148
178275404
178275660
178281548
178281804
178282060
178292044
178258106
178258107
178275971
178275974
178275977
178275980
178275983
178275986
178276001
178276007
178276016
16844554
16844561
16844564
16844574
16844810
16844817
16844820
16844830
3411211588
16844647
16844650
16844653
16844656
16844659
16844903
16844906
16844909
16844912
16844915
178276001
178276004
3705049465
3705049466
1940389888
1940398080
1940402176
1940404224
1940405248
1940405760
1940406272
1940459520
1940459776
1940460544
3703570432
3703572480
3703574528
3703575552
3703576576
3703577600
3703578624
3703584768
3703586816
3703588864
3703590912
3703591040
3703595008
3703599104
3703603200
3703605248
3703607296
3703607440
3703609344
3703611392
3703613440
3703615488
3703616512
3703616648
3703617536
3703618560
3703619584
3703621632
3703622656
3703623168
3703623680
3703625728
3703625856
3703627776
3703631872
3703633920
3704618696
3704618700
3033710592
178588492
178588748
178589004
178275971
178275974
178275977
178275980
178275983
178275986
178276001
178276004
178276007
16844554
16844561
16844564
16844574
16844810
16844817
16844820
16844830
3411211588
16844647
16844650
16844653
16844656
16844659
16844903
16844906
16844909
16844912
16844915
178276001
178276004
3705049465
3705049466
1940389888
1940398080
1940402176
1940404224
1940405248
1940405760
1940406272
1940459520
1940459776
1940460544
1940460800
1940461056
3703570432
3703572480
3703574528
3703575552
3703576576
3703577600
3703578624
3703584768
3703586816
3703588864
3703590912
3703591040
3703595008
3703599104
3703603200
3703605248
3703607296
3703607440
3703609344
3703611392
3703613440
3703615488
3703616512
3703616648
3703617536
3703618560
3703619584
3703621632
3703622656
3703623168
3703623680
3703625728
3703625856
3703627776
3703631872
3703633920
3704618696
3704618700
3033710592

