##################################################################################################
##                                                                                              ##
##          IRM/IMSI NFORMATION         		                                                ##
##                                                                                              ##
##################################################################################################
##  IMSI	IRM		PREFIX 
#@	1020	1320	45006
#@	1021	1321 	45006
#@	1022	0432 	45006
#@	1023	0433 	45006
#@	1024	0434 	45006
#@	1025	0435 	45006
#@	1026	0436 	45006
#@	1027	0437 	45006
#@	1028	0438 	45006
#@	1029	0439 	45006
#@	1030	1710 	45006
#@	1031	1711 	45006
#@	1032	0632	45006
#@	1033	0633	45006
#@	1034	0634	45006
#@	1035	0635	45006
#@	1036	0636	45006
#@	1037	0637	45006
#@	1038	0638	45006
#@	1039	0639	45006
#@	1040	1890	45006
#@	1041	1891	45006
#@	1042	0462	45006
#@	1043	0463	45006
#@	1044	0464	45006
#@	1045	0465	45006
#@	1046	0466	45006
#@	1047	0467	45006
#@	1048	0468	45006
#@	1049	0469	45006
#@	1050	0150	45006
#@	1051	0151	45006
#@	1052	0152	45006
#@	1053	0153	45006
#@	1054	0154	45006
#@	1055	0155	45006
#@	1056	0156	45006
#@	1057	0157	45006
#@	1058	0158	45006
#@	1059	0459	45006
#@	1060	1160	45006
#@	1061	1161	45006
#@	1062	1162	45006
#@	1063	1163	45006
#@	1064	1164	45006
#@	1065	1165	45006
#@	1066	1166	45006
#@	1067	1167	45006
#@	1068	1168	45006
#@	1069	1379	45006
#@	1070	0700	45006
#@	1071	0701	45006
#@	1072	0702	45006
#@	1073	0703	45006
#@	1074	0704	45006
#@	1075	0705	45006
#@	1076	0706	45006
#@	1077	0707	45006
#@	1078	0708	45006
#@	1079	0709	45006
#@	1080	0390	45006
#@	1081	0391	45006
#@	1082	0392	45006
#@	1083	0393	45006
#@	1084	0394	45006
#@	1085	0385	45006
#@	1086	0396	45006
#@	1087	0397	45006
#@	1088	0398	45006
#@	1089	0399	45006
#@	1090	0790	45006
#@	1091	0791	45006
#@	1092	0792	45006
#@	1093	0793	45006
#@	1094	0794	45006
#@	1095	0795	45006
#@	1096	0796	45006
#@	1097	0797	45006
#@	1098	0798	45006
#@	1099	1389	45006
#@	0192	0642	45000
#@	0193	0643	45000
#@	0194	0644	45000
#@	0195	0645	45000
#@	0196	0646	45000
#@	0197	0647	45000
#@	0198	0648	45000
#@	1990	0820	45000
#@	1991	0821	45000
#@	1992	0822	45000
#@	1993	0823	45000
#@	1994	0824	45000
#@	1995	0825	45000
#@	1996	0826	45000
#@	1997	0827	45000
#@	1999	0829	45000
#@	0112	0652	45006
#@	0113	0653	45006
#@	0114	0654	45006
#@	0115	0655	45006
#@	0116	0656	45006
#@	0117	0657	45006
#@	0118	0658	45006
#@	1190	0880	45006
#@	1191	0881	45006
#@	1192	0882	45006
#@	1193	0883	45006
#@	1194	0884	45006
#@	1195	0885	45006
#@	1196	0886	45006
#@	1197	0887	45006
#@	1198	1318	45006
#@	1199	1319	45006
#@	1117	0460	45006
#@	1692	0862	45006
#@	1693	0863	45006
#@	1694	0864	45006
#@	1695	0865	45006
#@	1696	0866	45006
#@	1697	0867	45006
#@	1698	0868	45006
#@	1699	0869	45006
#@	0162	0630	45006
#@	0163	0663	45006
#@	0164	0664	45006
#@	0165	0665	45006
#@	0166	0666	45006
#@	0167	0667	45006
#@	0168	0668	45006
#@	0172	0452	45006
#@	0173	0453	45006
#@	0174	0454	45006
#@	0175	0455	45006
#@	0176	0456	45006
#@	0177	0457	45006
#@	0178	0458	45006
#@	0182	1712	45006
#@	0183	1713	45006
#@	0184	1714	45006
#@	0185	1892	45006
#@	0186	1893	45006
#@	0187	1894	45006
#@	0188	1895	45006
#E
